10 3.2375799999999955e-05
20 0.00013385380000000002
30 0.00026333130000000005
40 0.0003464216
50 0.0005414349999999999
60 0.0007315955000000001
70 0.0010072575999999999
80 0.0012812498000000004
90 0.0015758731
100 0.0018969385999999995
110 0.0022953755000000003
120 0.0026826013
130 0.0031368895000000005
140 0.0036437444000000027
150 0.004227786399999999
160 0.0047968768
170 0.005918768499999999
180 0.006150274700000004
190 0.007497745700000003
200 0.0074855211
300 0.0184143039
400 0.0331190584
500 0.051897258